[Properties]
L=2022-05-10 11:22:32.560,0.02030,0.02287,0.05391,0.02687,,,,
DATETIME=2022-05-10 09:50:02.620
COEFF[1]=2.0938E-001,-1.0000E+000
COEFF[2]=2.1100E-001,-1.0000E+000
COEFF[3]=2.2129E-001,-1.0000E+000
COEFF[4]=1.7032E-001,-1.0000E+000
COEFF[5]=0.0000E+000,1.0000E+000
COEFF[6]=0.0000E+000,1.0000E+000
COEFF[7]=0.0000E+000,1.0000E+000
COEFF[8]=0.0000E+000,1.0000E+000
SENSORS=250.000
C=2022-05-10 11:22:32.000,344.42
MEASURE=1
OUTPUTRS232=(NULL)
OUTPUTLAN=(NULL)
NE=(NULL)
I2D=(NULL)
