[Properties]
L=2022-04-27 12:35:30.340,0.06436,0.06684,0.08816,0.06759,,,,
DATETIME=(NULL)
COEFF[1]=1.8964E-001,-1.0000E+000
COEFF[2]=1.9049E-001,-1.0000E+000
COEFF[3]=2.2143E-001,-1.0000E+000
COEFF[4]=1.7070E-001,-1.0000E+000
COEFF[5]=0.0000E+000,1.0000E+000
COEFF[6]=0.0000E+000,1.0000E+000
COEFF[7]=0.0000E+000,1.0000E+000
COEFF[8]=0.0000E+000,1.0000E+000
SENSORS=250.000
C=2022-04-27 12:35:30.000,343.73
MEASURE=1
OUTPUTRS232=(NULL)
OUTPUTLAN=(NULL)
NE=(NULL)
I2D=(NULL)
