[Properties]
L=2022-05-16 13:08:03.860,0.08537,0.08654,0.09144,0.08542,,,,
DATETIME=2022-05-16 10:12:09.040
COEFF[1]=2.0746E-001,-1.0000E+000
COEFF[2]=2.1113E-001,-1.0000E+000
COEFF[3]=2.2103E-001,-1.0000E+000
COEFF[4]=1.6983E-001,-1.0000E+000
COEFF[5]=0.0000E+000,1.0000E+000
COEFF[6]=0.0000E+000,1.0000E+000
COEFF[7]=0.0000E+000,1.0000E+000
COEFF[8]=0.0000E+000,1.0000E+000
SENSORS=250.000
C=2022-05-16 13:08:03.000,344.90
MEASURE=1
OUTPUTRS232=(NULL)
OUTPUTLAN=(NULL)
NE=(NULL)
I2D=(NULL)
