[Properties]
L=2022-05-16 14:51:23.500,0.09602,0.09539,0.09625,0.05279,,,,
DATETIME=2022-05-16 14:33:45.320
COEFF[1]=2.0782E-001,-1.0000E+000
COEFF[2]=2.1151E-001,-1.0000E+000
COEFF[3]=2.2143E-001,-1.0000E+000
COEFF[4]=1.7012E-001,-1.0000E+000
COEFF[5]=0.0000E+000,1.0000E+000
COEFF[6]=0.0000E+000,1.0000E+000
COEFF[7]=0.0000E+000,1.0000E+000
COEFF[8]=0.0000E+000,1.0000E+000
SENSORS=250.000
C=2022-05-16 14:51:23.000,345.09
MEASURE=1
OUTPUTRS232=(NULL)
OUTPUTLAN=(NULL)
NE=(NULL)
I2D=(NULL)
