[Properties]
L=2022-04-28 10:36:00.120,0.07281,0.07287,0.07268,0.05104,,,,
DATETIME=2022-04-28 08:41:17.020
COEFF[1]=1.8955E-001,-1.0000E+000
COEFF[2]=1.9072E-001,-1.0000E+000
COEFF[3]=2.2120E-001,-1.0000E+000
COEFF[4]=1.7061E-001,-1.0000E+000
COEFF[5]=0.0000E+000,1.0000E+000
COEFF[6]=0.0000E+000,1.0000E+000
COEFF[7]=0.0000E+000,1.0000E+000
COEFF[8]=0.0000E+000,1.0000E+000
SENSORS=250.000
C=2022-04-28 10:36:00.000,343.61
MEASURE=0
OUTPUTRS232=(NULL)
OUTPUTLAN=(NULL)
NE=(NULL)
I2D=(NULL)
