[Properties]
L=2022-05-11 14:45:00.260,0.08972,0.08823,0.09740,0.09273,,,,
DATETIME=2022-05-11 12:39:11.060
COEFF[1]=2.0938E-001,-1.0000E+000
COEFF[2]=2.1100E-001,-1.0000E+000
COEFF[3]=2.2129E-001,-1.0000E+000
COEFF[4]=1.7032E-001,-1.0000E+000
COEFF[5]=0.0000E+000,1.0000E+000
COEFF[6]=0.0000E+000,1.0000E+000
COEFF[7]=0.0000E+000,1.0000E+000
COEFF[8]=0.0000E+000,1.0000E+000
SENSORS=250.000
C=2022-05-11 14:45:00.000,344.87
MEASURE=1
OUTPUTRS232=(NULL)
OUTPUTLAN=(NULL)
NE=(NULL)
I2D=(NULL)
