[Properties]
L=2022-11-15 10:18:38.100,0.00041,0.00082,0.00158,,,,,
DATETIME=2022-11-15 09:45:53.020
COEFF[1]=2.2783E-001,-1.0000E+000
COEFF[2]=2.2867E-001,-1.0000E+000
COEFF[3]=2.3071E-001,-1.0000E+000
COEFF[4]=0.0000E+000,1.0000E+000
COEFF[5]=0.0000E+000,1.0000E+000
COEFF[6]=0.0000E+000,1.0000E+000
COEFF[7]=0.0000E+000,1.0000E+000
COEFF[8]=0.0000E+000,1.0000E+000
SENSORS=250.000
C=2022-11-15 10:18:38.000,342.25
MEASURE=0
OUTPUTRS232=(NULL)
OUTPUTLAN=(NULL)
NE=(NULL)
I2D=(NULL)
