[Properties]
L=2022-05-20 16:09:54.620,0.02348,0.02710,0.05651,0.02644,,,,
DATETIME=2022-05-18 10:33:19.940
COEFF[1]=2.0920E-001,-1.0000E+000
COEFF[2]=2.1334E-001,-1.0000E+000
COEFF[3]=2.2330E-001,-1.0000E+000
COEFF[4]=1.9055E-001,-1.0000E+000
COEFF[5]=0.0000E+000,1.0000E+000
COEFF[6]=0.0000E+000,1.0000E+000
COEFF[7]=0.0000E+000,1.0000E+000
COEFF[8]=0.0000E+000,1.0000E+000
SENSORS=250.000
C=2022-05-20 16:09:54.000,345.69
MEASURE=1
OUTPUTRS232=(NULL)
OUTPUTLAN=(NULL)
NE=(NULL)
I2D=(NULL)
