[Properties]
L=2022-05-17 11:27:19.700,0.03172,0.02706,0.05894,0.02855,,,,
DATETIME=2022-05-17 11:15:50.620
COEFF[1]=2.0782E-001,-1.0000E+000
COEFF[2]=2.1151E-001,-1.0000E+000
COEFF[3]=2.2143E-001,-1.0000E+000
COEFF[4]=1.7012E-001,-1.0000E+000
COEFF[5]=0.0000E+000,1.0000E+000
COEFF[6]=0.0000E+000,1.0000E+000
COEFF[7]=0.0000E+000,1.0000E+000
COEFF[8]=0.0000E+000,1.0000E+000
SENSORS=(NULL)
C=2022-05-17 11:27:19.000,344.46
MEASURE=1
OUTPUTRS232=(NULL)
OUTPUTLAN=(NULL)
NE=(NULL)
I2D=(NULL)
