[Properties]
L=2022-05-17 13:44:32.440,0.03766,0.03894,0.05652,0.03948,,,,
DATETIME=2022-05-17 11:15:50.620
COEFF[1]=2.0782E-001,-1.0000E+000
COEFF[2]=2.1151E-001,-1.0000E+000
COEFF[3]=2.2143E-001,-1.0000E+000
COEFF[4]=1.7012E-001,-1.0000E+000
COEFF[5]=0.0000E+000,1.0000E+000
COEFF[6]=0.0000E+000,1.0000E+000
COEFF[7]=0.0000E+000,1.0000E+000
COEFF[8]=0.0000E+000,1.0000E+000
SENSORS=(NULL)
C=2022-05-17 13:44:32.000,344.48
MEASURE=1
OUTPUTRS232=(NULL)
OUTPUTLAN=(NULL)
NE=(NULL)
I2D=(NULL)
