[Properties]
L=2022-11-15 11:14:01.120,0.12903,0.12893,0.12849,,,,,
DATETIME=(NULL)
COEFF[1]=2.2783E-001,-1.0000E+000
COEFF[2]=2.2867E-001,-1.0000E+000
COEFF[3]=2.3071E-001,-1.0000E+000
COEFF[4]=0.0000E+000,1.0000E+000
COEFF[5]=0.0000E+000,1.0000E+000
COEFF[6]=0.0000E+000,1.0000E+000
COEFF[7]=0.0000E+000,1.0000E+000
COEFF[8]=0.0000E+000,1.0000E+000
SENSORS=250.000
C=2022-11-15 11:14:01.000,342.18
MEASURE=0
OUTPUTRS232=(NULL)
OUTPUTLAN=(NULL)
NE=(NULL)
I2D=(NULL)
