[Properties]
L=2022-05-24 11:14:32.700,0.05273,0.03554,,,,,,
DATETIME=(NULL)
COEFF[1]=2.1711E-001,-1.0000E+000
COEFF[2]=1.8942E-001,-1.0000E+000
COEFF[3]=0.0000E+000,1.0000E+000
COEFF[4]=0.0000E+000,1.0000E+000
COEFF[5]=0.0000E+000,1.0000E+000
COEFF[6]=0.0000E+000,1.0000E+000
COEFF[7]=0.0000E+000,1.0000E+000
COEFF[8]=0.0000E+000,1.0000E+000
SENSORS=250.000
C=2022-05-24 11:14:32.000,344.26
MEASURE=1
OUTPUTRS232=(NULL)
OUTPUTLAN=(NULL)
NE=(NULL)
I2D=(NULL)
