[Properties]
L=2022-05-24 12:59:30.720,0.05001,0.04392,,,,,,
DATETIME=(NULL)
COEFF[1]=2.1711E-001,-1.0000E+000
COEFF[2]=1.8942E-001,-1.0000E+000
COEFF[3]=0.0000E+000,1.0000E+000
COEFF[4]=0.0000E+000,1.0000E+000
COEFF[5]=0.0000E+000,1.0000E+000
COEFF[6]=0.0000E+000,1.0000E+000
COEFF[7]=0.0000E+000,1.0000E+000
COEFF[8]=0.0000E+000,1.0000E+000
SENSORS=250.000
C=2022-05-24 12:59:30.000,344.20
MEASURE=1
OUTPUTRS232=(NULL)
OUTPUTLAN=(NULL)
NE=(NULL)
I2D=(NULL)
