[Properties]
L=2022-05-20 15:42:00.940,0.02043,0.02630,0.05926,0.02833,,,,
DATETIME=2022-05-18 10:33:19.940
COEFF[1]=2.0920E-001,-1.0000E+000
COEFF[2]=2.1334E-001,-1.0000E+000
COEFF[3]=2.2330E-001,-1.0000E+000
COEFF[4]=1.9055E-001,-1.0000E+000
COEFF[5]=0.0000E+000,1.0000E+000
COEFF[6]=0.0000E+000,1.0000E+000
COEFF[7]=0.0000E+000,1.0000E+000
COEFF[8]=0.0000E+000,1.0000E+000
SENSORS=250.000
C=2022-05-20 15:42:00.000,345.90
MEASURE=1
OUTPUTRS232=(NULL)
OUTPUTLAN=(NULL)
NE=(NULL)
I2D=(NULL)
