[Properties]
L=2022-05-20 11:53:01.300,0.00085,0.00244,-0.00497,-0.00208,,,,
DATETIME=2022-05-18 10:33:19.940
COEFF[1]=2.0708E-001,-1.0000E+000
COEFF[2]=2.1083E-001,-1.0000E+000
COEFF[3]=2.2111E-001,-1.0000E+000
COEFF[4]=1.6981E-001,-1.0000E+000
COEFF[5]=0.0000E+000,1.0000E+000
COEFF[6]=0.0000E+000,1.0000E+000
COEFF[7]=0.0000E+000,1.0000E+000
COEFF[8]=0.0000E+000,1.0000E+000
SENSORS=250.000
C=2022-05-20 11:53:01.000,345.17
MEASURE=1
OUTPUTRS232=(NULL)
OUTPUTLAN=(NULL)
NE=(NULL)
I2D=(NULL)
