[Properties]
L=2022-05-20 13:09:14.220,0.10009,0.10220,0.10045,0.10187,,,,
DATETIME=2022-05-18 10:33:19.940
COEFF[1]=2.0918E-001,-1.0000E+000
COEFF[2]=2.1293E-001,-1.0000E+000
COEFF[3]=2.2328E-001,-1.0000E+000
COEFF[4]=1.7235E-001,-1.0000E+000
COEFF[5]=0.0000E+000,1.0000E+000
COEFF[6]=0.0000E+000,1.0000E+000
COEFF[7]=0.0000E+000,1.0000E+000
COEFF[8]=0.0000E+000,1.0000E+000
SENSORS=250.000
C=2022-05-20 13:09:14.000,345.52
MEASURE=1
OUTPUTRS232=(NULL)
OUTPUTLAN=(NULL)
NE=(NULL)
I2D=(NULL)
