[Properties]
L=2022-05-20 12:45:29.980,0.10113,0.10300,0.10016,0.10177,,,,
DATETIME=2022-05-18 10:33:19.940
COEFF[1]=2.0717E-001,-1.0000E+000
COEFF[2]=2.1094E-001,-1.0000E+000
COEFF[3]=2.2079E-001,-1.0000E+000
COEFF[4]=1.6981E-001,-1.0000E+000
COEFF[5]=0.0000E+000,1.0000E+000
COEFF[6]=0.0000E+000,1.0000E+000
COEFF[7]=0.0000E+000,1.0000E+000
COEFF[8]=0.0000E+000,1.0000E+000
SENSORS=250.000
C=2022-05-20 12:45:29.000,345.41
MEASURE=1
OUTPUTRS232=(NULL)
OUTPUTLAN=(NULL)
NE=(NULL)
I2D=(NULL)
