[Properties]
L=2022-05-09 11:18:33.380,0.03827,0.04068,0.05958,0.04808,,,,
DATETIME=2022-05-09 10:20:03.280
COEFF[1]=2.0914E-001,-1.0000E+000
COEFF[2]=2.1121E-001,-1.0000E+000
COEFF[3]=2.2142E-001,-1.0000E+000
COEFF[4]=1.7036E-001,-1.0000E+000
COEFF[5]=0.0000E+000,1.0000E+000
COEFF[6]=0.0000E+000,1.0000E+000
COEFF[7]=0.0000E+000,1.0000E+000
COEFF[8]=0.0000E+000,1.0000E+000
SENSORS=250.000
C=2022-05-09 11:18:33.000,343.99
MEASURE=0
OUTPUTRS232=(NULL)
OUTPUTLAN=(NULL)
NE=(NULL)
I2D=(NULL)
