[Properties]
L=2022-05-09 13:20:20.180,0.04162,0.04360,0.06233,0.04715,,,,
DATETIME=2022-05-09 10:20:03.280
COEFF[1]=2.0914E-001,-1.0000E+000
COEFF[2]=2.1121E-001,-1.0000E+000
COEFF[3]=2.2142E-001,-1.0000E+000
COEFF[4]=1.7036E-001,-1.0000E+000
COEFF[5]=0.0000E+000,1.0000E+000
COEFF[6]=0.0000E+000,1.0000E+000
COEFF[7]=0.0000E+000,1.0000E+000
COEFF[8]=0.0000E+000,1.0000E+000
SENSORS=250.000
C=2022-05-09 13:20:20.000,344.17
MEASURE=0
OUTPUTRS232=(NULL)
OUTPUTLAN=(NULL)
NE=(NULL)
I2D=(NULL)
