[Properties]
L=2022-05-09 11:38:58.540,0.04274,0.04163,0.06190,0.04825,,,,
DATETIME=2022-05-09 10:20:03.280
COEFF[1]=2.0914E-001,-1.0000E+000
COEFF[2]=2.1121E-001,-1.0000E+000
COEFF[3]=2.2142E-001,-1.0000E+000
COEFF[4]=1.7036E-001,-1.0000E+000
COEFF[5]=0.0000E+000,1.0000E+000
COEFF[6]=0.0000E+000,1.0000E+000
COEFF[7]=0.0000E+000,1.0000E+000
COEFF[8]=0.0000E+000,1.0000E+000
SENSORS=250.000
C=2022-05-09 11:38:58.000,343.98
MEASURE=0
OUTPUTRS232=(NULL)
OUTPUTLAN=(NULL)
NE=(NULL)
I2D=(NULL)
