[Properties]
L=2022-04-26 13:35:48.040,0.02853,0.04470,0.08009,0.04686,,,,
DATETIME=2022-04-26 10:01:26.680
COEFF[1]=1.6949E-001,-1.0000E+000
COEFF[2]=1.6339E-001,-1.0000E+000
COEFF[3]=2.2071E-001,-1.0000E+000
COEFF[4]=1.7002E-001,-1.0000E+000
COEFF[5]=0.0000E+000,1.0000E+000
COEFF[6]=0.0000E+000,1.0000E+000
COEFF[7]=0.0000E+000,1.0000E+000
COEFF[8]=0.0000E+000,1.0000E+000
SENSORS=250.000
C=2022-04-26 13:35:48.000,344.03
MEASURE=0
OUTPUTRS232=(NULL)
OUTPUTLAN=(NULL)
NE=(NULL)
I2D=(NULL)
