[Properties]
L=2022-04-26 11:20:41.940,0.03732,0.06459,0.10006,0.06872,,,,
DATETIME=2022-04-26 10:01:26.680
COEFF[1]=1.6949E-001,-1.0000E+000
COEFF[2]=1.6339E-001,-1.0000E+000
COEFF[3]=2.2071E-001,-1.0000E+000
COEFF[4]=1.7002E-001,-1.0000E+000
COEFF[5]=0.0000E+000,1.0000E+000
COEFF[6]=0.0000E+000,1.0000E+000
COEFF[7]=0.0000E+000,1.0000E+000
COEFF[8]=0.0000E+000,1.0000E+000
SENSORS=250.000
C=2022-04-26 11:20:41.000,343.99
MEASURE=1
OUTPUTRS232=(NULL)
OUTPUTLAN=(NULL)
NE=(NULL)
I2D=(NULL)
