[Properties]
L=2022-04-26 14:45:25.560,0.04404,0.04766,0.07213,0.04750,,,,
DATETIME=2022-04-26 10:01:26.680
COEFF[1]=1.6949E-001,-1.0000E+000
COEFF[2]=1.6339E-001,-1.0000E+000
COEFF[3]=2.2071E-001,-1.0000E+000
COEFF[4]=1.7002E-001,-1.0000E+000
COEFF[5]=0.0000E+000,1.0000E+000
COEFF[6]=0.0000E+000,1.0000E+000
COEFF[7]=0.0000E+000,1.0000E+000
COEFF[8]=0.0000E+000,1.0000E+000
SENSORS=250.000
C=2022-04-26 14:45:25.000,343.94
MEASURE=1
OUTPUTRS232=(NULL)
OUTPUTLAN=(NULL)
NE=(NULL)
I2D=(NULL)
