[Properties]
L=2022-05-02 10:43:48.020,0.05537,0.05071,0.07702,0.04812,,,,
DATETIME=2022-05-02 09:34:07.340
COEFF[1]=1.8946E-001,-1.0000E+000
COEFF[2]=1.8944E-001,-1.0000E+000
COEFF[3]=2.2150E-001,-1.0000E+000
COEFF[4]=1.7054E-001,-1.0000E+000
COEFF[5]=0.0000E+000,1.0000E+000
COEFF[6]=0.0000E+000,1.0000E+000
COEFF[7]=0.0000E+000,1.0000E+000
COEFF[8]=0.0000E+000,1.0000E+000
SENSORS=250.000
C=2022-05-02 10:43:48.000,343.40
MEASURE=0
OUTPUTRS232=(NULL)
OUTPUTLAN=(NULL)
NE=(NULL)
I2D=(NULL)
