[Properties]
L=2022-05-02 15:19:12.060,0.03477,0.03491,0.05996,0.03649,,,,
DATETIME=2022-05-02 14:18:11.900
COEFF[1]=2.0981E-001,-1.0000E+000
COEFF[2]=2.1141E-001,-1.0000E+000
COEFF[3]=2.2126E-001,-1.0000E+000
COEFF[4]=1.7065E-001,-1.0000E+000
COEFF[5]=0.0000E+000,1.0000E+000
COEFF[6]=0.0000E+000,1.0000E+000
COEFF[7]=0.0000E+000,1.0000E+000
COEFF[8]=0.0000E+000,1.0000E+000
SENSORS=250.000
C=2022-05-02 15:19:12.000,343.56
MEASURE=0
OUTPUTRS232=(NULL)
OUTPUTLAN=(NULL)
NE=(NULL)
I2D=(NULL)
