[Properties]
L=2022-05-02 14:29:31.820,0.03918,0.04550,0.07116,0.04347,,,,
DATETIME=2022-05-02 14:18:11.900
COEFF[1]=2.0981E-001,-1.0000E+000
COEFF[2]=2.1141E-001,-1.0000E+000
COEFF[3]=2.2126E-001,-1.0000E+000
COEFF[4]=1.7065E-001,-1.0000E+000
COEFF[5]=0.0000E+000,1.0000E+000
COEFF[6]=0.0000E+000,1.0000E+000
COEFF[7]=0.0000E+000,1.0000E+000
COEFF[8]=0.0000E+000,1.0000E+000
SENSORS=250.000
C=2022-05-02 14:29:31.000,343.50
MEASURE=0
OUTPUTRS232=(NULL)
OUTPUTLAN=(NULL)
NE=(NULL)
I2D=(NULL)
