[Properties]
L=2022-05-06 18:02:17.780,0.06227,0.06310,0.06331,0.05035,,,,
DATETIME=2022-05-06 16:14:55.260
COEFF[1]=2.0956E-001,-1.0000E+000
COEFF[2]=2.1160E-001,-1.0000E+000
COEFF[3]=2.2143E-001,-1.0000E+000
COEFF[4]=1.7006E-001,-1.0000E+000
COEFF[5]=0.0000E+000,1.0000E+000
COEFF[6]=0.0000E+000,1.0000E+000
COEFF[7]=0.0000E+000,1.0000E+000
COEFF[8]=0.0000E+000,1.0000E+000
SENSORS=(NULL)
C=2022-05-06 18:02:17.000,343.75
MEASURE=1
OUTPUTRS232=(NULL)
OUTPUTLAN=(NULL)
NE=(NULL)
I2D=(NULL)
