[Properties]
L=2022-05-06 12:59:12.720,0.01942,0.01897,0.04779,0.02314,,,,
DATETIME=(NULL)
COEFF[1]=2.0956E-001,-1.0000E+000
COEFF[2]=2.1160E-001,-1.0000E+000
COEFF[3]=2.2143E-001,-1.0000E+000
COEFF[4]=1.7006E-001,-1.0000E+000
COEFF[5]=0.0000E+000,1.0000E+000
COEFF[6]=0.0000E+000,1.0000E+000
COEFF[7]=0.0000E+000,1.0000E+000
COEFF[8]=0.0000E+000,1.0000E+000
SENSORS=250.000
C=2022-05-06 12:59:12.000,343.68
MEASURE=1
OUTPUTRS232=(NULL)
OUTPUTLAN=(NULL)
NE=(NULL)
I2D=(NULL)
