[Properties]
L=2022-05-06 16:40:35.980,0.04046,0.04052,0.06694,0.04558,,,,
DATETIME=2022-05-06 16:14:55.260
COEFF[1]=2.0956E-001,-1.0000E+000
COEFF[2]=2.1160E-001,-1.0000E+000
COEFF[3]=2.2143E-001,-1.0000E+000
COEFF[4]=1.7006E-001,-1.0000E+000
COEFF[5]=0.0000E+000,1.0000E+000
COEFF[6]=0.0000E+000,1.0000E+000
COEFF[7]=0.0000E+000,1.0000E+000
COEFF[8]=0.0000E+000,1.0000E+000
SENSORS=(NULL)
C=2022-05-06 16:40:35.000,343.89
MEASURE=1
OUTPUTRS232=(NULL)
OUTPUTLAN=(NULL)
NE=(NULL)
I2D=(NULL)
