[Properties]
L=2022-05-06 16:25:42.700,0.03743,0.03775,0.06118,0.04112,,,,
DATETIME=2022-05-06 16:14:55.260
COEFF[1]=2.0956E-001,-1.0000E+000
COEFF[2]=2.1160E-001,-1.0000E+000
COEFF[3]=2.2143E-001,-1.0000E+000
COEFF[4]=1.7006E-001,-1.0000E+000
COEFF[5]=0.0000E+000,1.0000E+000
COEFF[6]=0.0000E+000,1.0000E+000
COEFF[7]=0.0000E+000,1.0000E+000
COEFF[8]=0.0000E+000,1.0000E+000
SENSORS=(NULL)
C=2022-05-06 16:25:42.000,344.09
MEASURE=1
OUTPUTRS232=(NULL)
OUTPUTLAN=(NULL)
NE=(NULL)
I2D=(NULL)
