[Properties]
L=2015-01-01 02:32:48.440,0.04125,0.04398,0.06697,0.04535,,,,
DATETIME=(NULL)
COEFF[1]=2.0956E-001,-1.0000E+000
COEFF[2]=2.1160E-001,-1.0000E+000
COEFF[3]=2.2143E-001,-1.0000E+000
COEFF[4]=1.7006E-001,-1.0000E+000
COEFF[5]=0.0000E+000,1.0000E+000
COEFF[6]=0.0000E+000,1.0000E+000
COEFF[7]=0.0000E+000,1.0000E+000
COEFF[8]=0.0000E+000,1.0000E+000
SENSORS=(NULL)
C=2015-01-01 02:32:48.000,344.03
MEASURE=1
OUTPUTRS232=(NULL)
OUTPUTLAN=(NULL)
NE=(NULL)
I2D=(NULL)
