[Properties]
L=2022-05-18 10:48:47.620,0.00115,0.00268,-0.00230,-0.00235,,,,
DATETIME=2022-05-18 10:33:19.940
COEFF[1]=2.0782E-001,-1.0000E+000
COEFF[2]=2.1151E-001,-1.0000E+000
COEFF[3]=2.2143E-001,-1.0000E+000
COEFF[4]=1.7012E-001,-1.0000E+000
COEFF[5]=0.0000E+000,1.0000E+000
COEFF[6]=0.0000E+000,1.0000E+000
COEFF[7]=0.0000E+000,1.0000E+000
COEFF[8]=0.0000E+000,1.0000E+000
SENSORS=250.000
C=2022-05-18 10:48:47.000,344.61
MEASURE=1
OUTPUTRS232=(NULL)
OUTPUTLAN=(NULL)
NE=(NULL)
I2D=(NULL)
