[Properties]
L=2022-05-03 13:46:28.340,0.05206,0.04791,0.07365,0.04768,,,,
DATETIME=2022-05-03 12:30:14.500
COEFF[1]=2.0981E-001,-1.0000E+000
COEFF[2]=2.1141E-001,-1.0000E+000
COEFF[3]=2.2126E-001,-1.0000E+000
COEFF[4]=1.7065E-001,-1.0000E+000
COEFF[5]=0.0000E+000,1.0000E+000
COEFF[6]=0.0000E+000,1.0000E+000
COEFF[7]=0.0000E+000,1.0000E+000
COEFF[8]=0.0000E+000,1.0000E+000
SENSORS=250.000
C=2022-05-03 13:46:28.000,343.50
MEASURE=1
OUTPUTRS232=(NULL)
OUTPUTLAN=(NULL)
NE=(NULL)
I2D=(NULL)
