[Properties]
L=2022-04-29 18:44:27.640,0.04851,0.05430,0.07943,0.05080,,,,
DATETIME=2022-04-29 17:44:19.400
COEFF[1]=1.8943E-001,-1.0000E+000
COEFF[2]=1.8964E-001,-1.0000E+000
COEFF[3]=2.2147E-001,-1.0000E+000
COEFF[4]=1.7042E-001,-1.0000E+000
COEFF[5]=0.0000E+000,1.0000E+000
COEFF[6]=0.0000E+000,1.0000E+000
COEFF[7]=0.0000E+000,1.0000E+000
COEFF[8]=0.0000E+000,1.0000E+000
SENSORS=250.000
C=2022-04-29 18:44:27.000,343.51
MEASURE=1
OUTPUTRS232=(NULL)
OUTPUTLAN=(NULL)
NE=(NULL)
I2D=(NULL)
