[Properties]
L=2022-04-29 13:18:31.520,0.06067,0.04395,0.09301,0.05531,,,,
DATETIME=2022-04-28 08:41:17.020
COEFF[1]=1.8955E-001,-1.0000E+000
COEFF[2]=1.9072E-001,-1.0000E+000
COEFF[3]=2.2120E-001,-1.0000E+000
COEFF[4]=1.7061E-001,-1.0000E+000
COEFF[5]=0.0000E+000,1.0000E+000
COEFF[6]=0.0000E+000,1.0000E+000
COEFF[7]=0.0000E+000,1.0000E+000
COEFF[8]=0.0000E+000,1.0000E+000
SENSORS=250.000
C=2022-04-29 13:18:31.000,343.93
MEASURE=1
OUTPUTRS232=(NULL)
OUTPUTLAN=(NULL)
NE=(NULL)
I2D=(NULL)
