[Properties]
L=2022-04-29 18:13:45.340,0.05439,0.05830,0.08446,0.05574,,,,
DATETIME=2022-04-29 17:44:19.400
COEFF[1]=1.8943E-001,-1.0000E+000
COEFF[2]=1.8964E-001,-1.0000E+000
COEFF[3]=2.2147E-001,-1.0000E+000
COEFF[4]=1.7042E-001,-1.0000E+000
COEFF[5]=0.0000E+000,1.0000E+000
COEFF[6]=0.0000E+000,1.0000E+000
COEFF[7]=0.0000E+000,1.0000E+000
COEFF[8]=0.0000E+000,1.0000E+000
SENSORS=250.000
C=2022-04-29 18:13:45.000,343.62
MEASURE=1
OUTPUTRS232=(NULL)
OUTPUTLAN=(NULL)
NE=(NULL)
I2D=(NULL)
