[Properties]
L=2022-04-29 17:58:05.920,0.06878,0.06177,0.08690,0.06026,,,,
DATETIME=2022-04-29 17:44:19.400
COEFF[1]=1.8943E-001,-1.0000E+000
COEFF[2]=1.8964E-001,-1.0000E+000
COEFF[3]=2.2147E-001,-1.0000E+000
COEFF[4]=1.7042E-001,-1.0000E+000
COEFF[5]=0.0000E+000,1.0000E+000
COEFF[6]=0.0000E+000,1.0000E+000
COEFF[7]=0.0000E+000,1.0000E+000
COEFF[8]=0.0000E+000,1.0000E+000
SENSORS=250.000
C=2022-04-29 17:58:05.000,343.74
MEASURE=1
OUTPUTRS232=(NULL)
OUTPUTLAN=(NULL)
NE=(NULL)
I2D=(NULL)
