[Properties]
L=2022-04-29 15:28:03.960,0.04110,0.04115,0.07310,0.03953,,,,
DATETIME=2022-04-28 08:41:17.020
COEFF[1]=1.8955E-001,-1.0000E+000
COEFF[2]=1.9072E-001,-1.0000E+000
COEFF[3]=2.2120E-001,-1.0000E+000
COEFF[4]=1.7061E-001,-1.0000E+000
COEFF[5]=0.0000E+000,1.0000E+000
COEFF[6]=0.0000E+000,1.0000E+000
COEFF[7]=0.0000E+000,1.0000E+000
COEFF[8]=0.0000E+000,1.0000E+000
SENSORS=250.000
C=2022-04-29 15:28:03.000,343.85
MEASURE=1
OUTPUTRS232=(NULL)
OUTPUTLAN=(NULL)
NE=(NULL)
I2D=(NULL)
