[Properties]
L=2022-05-12 09:48:50.020,0.01863,0.02267,0.06145,0.02855,,,,
DATETIME=2022-05-12 09:24:17.580
COEFF[1]=2.0900E-001,-1.0000E+000
COEFF[2]=2.1106E-001,-1.0000E+000
COEFF[3]=2.2135E-001,-1.0000E+000
COEFF[4]=1.7021E-001,-1.0000E+000
COEFF[5]=0.0000E+000,1.0000E+000
COEFF[6]=0.0000E+000,1.0000E+000
COEFF[7]=0.0000E+000,1.0000E+000
COEFF[8]=0.0000E+000,1.0000E+000
SENSORS=250.000
C=2022-05-12 09:48:50.000,344.26
MEASURE=0
OUTPUTRS232=(NULL)
OUTPUTLAN=(NULL)
NE=(NULL)
I2D=(NULL)
