[Properties]
L=2022-05-20 12:07:49.300,0.00036,0.00089,-0.00481,-0.00207,,,,
DATETIME=2022-05-18 10:33:19.940
COEFF[1]=2.0705E-001,-1.0000E+000
COEFF[2]=2.1086E-001,-1.0000E+000
COEFF[3]=2.2095E-001,-1.0000E+000
COEFF[4]=1.6984E-001,-1.0000E+000
COEFF[5]=0.0000E+000,1.0000E+000
COEFF[6]=0.0000E+000,1.0000E+000
COEFF[7]=0.0000E+000,1.0000E+000
COEFF[8]=0.0000E+000,1.0000E+000
SENSORS=250.000
C=2022-05-20 12:07:49.000,345.22
MEASURE=1
OUTPUTRS232=(NULL)
OUTPUTLAN=(NULL)
NE=(NULL)
I2D=(NULL)
