[Properties]
L=2022-05-20 12:23:30.020,0.00020,0.00116,-0.00524,-0.00204,,,,
DATETIME=2022-05-18 10:33:19.940
COEFF[1]=2.0691E-001,-1.0000E+000
COEFF[2]=2.1115E-001,-1.0000E+000
COEFF[3]=2.2081E-001,-1.0000E+000
COEFF[4]=1.6989E-001,-1.0000E+000
COEFF[5]=0.0000E+000,1.0000E+000
COEFF[6]=0.0000E+000,1.0000E+000
COEFF[7]=0.0000E+000,1.0000E+000
COEFF[8]=0.0000E+000,1.0000E+000
SENSORS=250.000
C=2022-05-20 12:23:30.000,345.25
MEASURE=1
OUTPUTRS232=(NULL)
OUTPUTLAN=(NULL)
NE=(NULL)
I2D=(NULL)
