[Properties]
L=2022-05-05 12:00:25.460,0.02580,0.02783,0.04345,0.02690,,,,
DATETIME=2022-05-05 08:29:40.920
COEFF[1]=2.0937E-001,-1.0000E+000
COEFF[2]=2.1140E-001,-1.0000E+000
COEFF[3]=2.2084E-001,-1.0000E+000
COEFF[4]=1.6982E-001,-1.0000E+000
COEFF[5]=0.0000E+000,1.0000E+000
COEFF[6]=0.0000E+000,1.0000E+000
COEFF[7]=0.0000E+000,1.0000E+000
COEFF[8]=0.0000E+000,1.0000E+000
SENSORS=250.000
C=2022-05-05 12:00:25.000,343.78
MEASURE=0
OUTPUTRS232=(NULL)
OUTPUTLAN=(NULL)
NE=(NULL)
I2D=(NULL)
