[Properties]
L=2022-05-05 10:13:27.100,0.05310,0.07635,0.09455,0.07051,,,,
DATETIME=2022-05-05 08:29:40.920
COEFF[1]=2.0937E-001,-1.0000E+000
COEFF[2]=2.1140E-001,-1.0000E+000
COEFF[3]=2.2084E-001,-1.0000E+000
COEFF[4]=1.6982E-001,-1.0000E+000
COEFF[5]=0.0000E+000,1.0000E+000
COEFF[6]=0.0000E+000,1.0000E+000
COEFF[7]=0.0000E+000,1.0000E+000
COEFF[8]=0.0000E+000,1.0000E+000
SENSORS=250.000
C=2022-05-05 10:13:27.000,343.65
MEASURE=0
OUTPUTRS232=(NULL)
OUTPUTLAN=(NULL)
NE=(NULL)
I2D=(NULL)
