[Properties]
L=2022-05-05 12:14:43.820,0.02573,0.02768,0.04098,0.02563,,,,
DATETIME=2022-05-05 08:29:40.920
COEFF[1]=2.0937E-001,-1.0000E+000
COEFF[2]=2.1140E-001,-1.0000E+000
COEFF[3]=2.2084E-001,-1.0000E+000
COEFF[4]=1.6982E-001,-1.0000E+000
COEFF[5]=0.0000E+000,1.0000E+000
COEFF[6]=0.0000E+000,1.0000E+000
COEFF[7]=0.0000E+000,1.0000E+000
COEFF[8]=0.0000E+000,1.0000E+000
SENSORS=250.000
C=2022-05-05 12:14:43.000,343.74
MEASURE=0
OUTPUTRS232=(NULL)
OUTPUTLAN=(NULL)
NE=(NULL)
I2D=(NULL)
