[Properties]
L=2022-11-16 11:32:56.960,0.10551,0.10609,0.10642,,,,,
DATETIME=2022-11-16 10:50:44.540
COEFF[1]=2.2783E-001,-1.0000E+000
COEFF[2]=2.2867E-001,-1.0000E+000
COEFF[3]=2.3071E-001,-1.0000E+000
COEFF[4]=0.0000E+000,1.0000E+000
COEFF[5]=0.0000E+000,1.0000E+000
COEFF[6]=0.0000E+000,1.0000E+000
COEFF[7]=0.0000E+000,1.0000E+000
COEFF[8]=0.0000E+000,1.0000E+000
SENSORS=250.000
C=2022-11-16 11:32:56.000,342.19
MEASURE=0
OUTPUTRS232=(NULL)
OUTPUTLAN=(NULL)
NE=(NULL)
I2D=(NULL)
