[Properties]
L=2022-04-27 12:19:59.840,0.05980,0.04475,0.08927,0.05529,,,,
DATETIME=(NULL)
COEFF[1]=1.8964E-001,-1.0000E+000
COEFF[2]=1.9049E-001,-1.0000E+000
COEFF[3]=2.2143E-001,-1.0000E+000
COEFF[4]=1.7070E-001,-1.0000E+000
COEFF[5]=0.0000E+000,1.0000E+000
COEFF[6]=0.0000E+000,1.0000E+000
COEFF[7]=0.0000E+000,1.0000E+000
COEFF[8]=0.0000E+000,1.0000E+000
SENSORS=250.000
C=2022-04-27 12:19:59.000,343.74
MEASURE=1
OUTPUTRS232=(NULL)
OUTPUTLAN=(NULL)
NE=(NULL)
I2D=(NULL)
