[Properties]
L=2022-05-13 14:31:13.720,0.05708,0.06143,0.09543,0.06150,,,,
DATETIME=2022-05-13 12:06:14.120
COEFF[1]=2.0777E-001,-1.0000E+000
COEFF[2]=2.1151E-001,-1.0000E+000
COEFF[3]=2.2133E-001,-1.0000E+000
COEFF[4]=1.7019E-001,-1.0000E+000
COEFF[5]=0.0000E+000,1.0000E+000
COEFF[6]=0.0000E+000,1.0000E+000
COEFF[7]=0.0000E+000,1.0000E+000
COEFF[8]=0.0000E+000,1.0000E+000
SENSORS=250.000
C=2022-05-13 14:31:13.000,344.24
MEASURE=1
OUTPUTRS232=(NULL)
OUTPUTLAN=(NULL)
NE=(NULL)
I2D=(NULL)
