[Properties]
L=2022-05-13 15:21:08.900,0.08540,0.08630,0.08484,0.05135,,,,
DATETIME=2022-05-13 12:06:14.120
COEFF[1]=2.0777E-001,-1.0000E+000
COEFF[2]=2.1151E-001,-1.0000E+000
COEFF[3]=2.2133E-001,-1.0000E+000
COEFF[4]=1.7019E-001,-1.0000E+000
COEFF[5]=0.0000E+000,1.0000E+000
COEFF[6]=0.0000E+000,1.0000E+000
COEFF[7]=0.0000E+000,1.0000E+000
COEFF[8]=0.0000E+000,1.0000E+000
SENSORS=250.000
C=2022-05-13 15:21:08.000,344.25
MEASURE=1
OUTPUTRS232=(NULL)
OUTPUTLAN=(NULL)
NE=(NULL)
I2D=(NULL)
